EXPERIMENTO RODADO EM:1593996593.324367
arrayJanelamentos: [225, 250, 125, 50, 25, 75, 200, 175, 150, 100, ]
arrayAcuraciaMediaCadaJanelamento: [0.8298856681824448, 0.8271250168516235, 0.8184532702964098, 0.8018975451490874, 0.7773394091419317, 0.811563099724051, 0.8262083252846548, 0.8284803250634255, 0.8195371597499047, 0.8193430780290761, ]
arrayDesvioPadraoCadaJanelamento: [0.02596801344626335, 0.024007980380338526, 0.024656556650016648, 0.020932695406053237, 0.022485885847375254, 0.023826934007493673, 0.024614786461114486, 0.025670282216824023, 0.025125904601396142, 0.02467760126797893, ]



